,Home Team,Away Team,year,league,Home_win,Draw_win,Away_win,HT_results,AT_results
2280,FULHAM,ARSENAL,2020,english,0.4348236627506661,0.2347696045902704,0.3304067326590634,[],[]
2281,CRYSTAL PALACE,SOUTHAMPTON,2020,english,0.23329499284710778,0.21666559133511248,0.5500394158177798,[],[]
2282,LIVERPOOL,LEEDS UTD,2020,english,0.4102531389519422,0.27129701821153435,0.3184498428365235,[],[]
2283,WEST HAM,NEWCASTLE,2020,english,0.41791007391241836,0.31906210885398945,0.26302781723359225,[],[]
2284,WEST BROM,LEICESTER CITY,2020,english,0.46880650136853036,0.25311758854013594,0.27807591009133353,[],[]
2285,TOTTENHAM,EVERTON,2020,english,0.43747126800195474,0.23619909725868707,0.3263296347393581,[],[]
2286,SHEFFIELD UTD,WOLVES,2020,english,0.4277441372105519,0.23697347961551785,0.3352823831739302,[],[]
2287,BRIGHTON,CHELSEA,2020,english,0.4895494123636086,0.24054288140845287,0.26990770622793864,[],[]
2288,BURNLEY,MAN UTD,2020,english,0.3061127162715931,0.2593269911415014,0.4345602925869056,[],[]
2289,MAN CITY,ASTON VILLA,2020,english,0.39047940121525787,0.2255839401376397,0.38393665864710247,[],[]
2290,EVERTON,WEST BROM,2020,english,0.4862306338489224,0.24089387355179837,0.2728754925992791,['win'],['lose']
2291,LEEDS UTD,FULHAM,2020,english,0.4863968234407761,0.2676881316633414,0.24591504489588242,['win'],['lose']
2292,MAN UTD,CRYSTAL PALACE,2020,english,0.5326212473641312,0.2652822892000811,0.2020964634357877,['lose'],['win']
2293,ARSENAL,WEST HAM,2020,english,0.5689725626510547,0.1915209685665759,0.23950646878236942,['win'],['lose']
2294,SOUTHAMPTON,TOTTENHAM,2020,english,0.5349563784891453,0.25613615743201745,0.20890746407883715,['lose'],['lose']
2295,NEWCASTLE,BRIGHTON,2020,english,0.4223327970984004,0.26603038056219835,0.3116368223394014,['lose'],['lose']
2296,CHELSEA,LIVERPOOL,2020,english,0.4735999289242548,0.20309677084277492,0.3233033002329703,['lose'],['win']
2297,LEICESTER CITY,BURNLEY,2020,english,0.5865933046095382,0.20771512068807302,0.20569157470238883,['win'],['lose']
2298,ASTON VILLA,SHEFFIELD UTD,2020,english,0.33311822728179896,0.32709302122282513,0.33978875149537585,['win'],['lose']
2299,WOLVES,MAN CITY,2020,english,0.2648090486189279,0.27410249665984465,0.46108845472122745,['lose'],['win']
2300,BRIGHTON,MAN UTD,2020,english,0.4352259934015948,0.20515960482768725,0.3596144017707179,"['lose', 'lose']","['lose', 'lose']"
2301,CRYSTAL PALACE,EVERTON,2020,english,0.23168532331659744,0.3377708084932405,0.43054386819016205,"['win', 'lose']","['win', 'win']"
2302,WEST BROM,CHELSEA,2020,english,0.4624806007231911,0.2916847608309537,0.24583463844585515,"['lose', 'draw']","['lose', 'win']"
2303,BURNLEY,SOUTHAMPTON,2020,english,0.34553233465507793,0.3074913233255478,0.3469763420193743,"['lose', 'lose']","['lose', 'win']"
2304,SHEFFIELD UTD,LEEDS UTD,2020,english,0.3986553264379216,0.26722448643920393,0.33412018712287433,"['lose', 'lose']","['win', 'draw']"
2305,TOTTENHAM,NEWCASTLE,2020,english,0.5333346874775624,0.23422305247373124,0.2324422600487064,"['lose', 'draw']","['lose', 'win']"
2306,MAN CITY,LEICESTER CITY,2020,english,0.6095366754735012,0.21995188902586663,0.17051143550063216,"['win', 'lose']","['win', 'lose']"
2307,WEST HAM,WOLVES,2020,english,0.497315564223928,0.2690401061356119,0.23364432964046006,"['lose', 'win']","['lose', 'win']"
2308,FULHAM,ASTON VILLA,2020,english,0.44033494228805287,0.2534073763048175,0.3062576814071296,"['lose', 'lose']","['win', 'win']"
2309,LIVERPOOL,ARSENAL,2020,english,0.4840224902438435,0.2676961636787313,0.24828134607742527,"['win', 'win']","['win', 'win']"
2310,CHELSEA,CRYSTAL PALACE,2020,english,0.49300197248885796,0.2621650116562485,0.24483301585489364,"['lose', 'win', 'draw']","['win', 'lose', 'draw']"
2311,EVERTON,BRIGHTON,2020,english,0.6324762889220907,0.18712160166745814,0.18040210941045112,"['win', 'win', 'draw']","['lose', 'lose', 'draw']"
2312,LEEDS UTD,MAN CITY,2020,english,0.367710678636029,0.23627699854289666,0.3960123228210744,"['win', 'draw', 'lose']","['win', 'lose', 'win']"
2313,NEWCASTLE,BURNLEY,2020,english,0.462374460238699,0.24755617164504612,0.29006936811625494,"['lose', 'win', 'lose']","['lose', 'lose', 'lose']"
2314,LEICESTER CITY,WEST HAM,2020,english,0.5159826915309438,0.2376603095846326,0.2463569988844237,"['win', 'lose', 'lose']","['lose', 'win', 'draw']"
2315,SOUTHAMPTON,WEST BROM,2020,english,0.4870323675487406,0.25770319879666254,0.25526443365459695,"['lose', 'win', 'win']","['lose', 'draw', 'draw']"
2316,WOLVES,FULHAM,2020,english,0.4674536066300568,0.2877922856368845,0.24475410773305867,"['lose', 'win', 'draw']","['lose', 'lose', 'lose']"
2317,ARSENAL,SHEFFIELD UTD,2020,english,0.5882549077471125,0.21001014677017213,0.20173494548271537,"['win', 'win', 'lose']","['lose', 'lose', 'draw']"
2318,MAN UTD,TOTTENHAM,2020,english,0.44323580243040117,0.237186409095065,0.31957778847453394,"['lose', 'lose', 'draw']","['lose', 'draw', 'draw']"
2319,ASTON VILLA,LIVERPOOL,2020,english,0.2248565624647211,0.24119620443484557,0.5339472331004332,"['win', 'win', 'lose']","['win', 'win', 'win']"
2320,EVERTON,LIVERPOOL,2020,english,0.4886562964510651,0.2527551758142551,0.25858852773467983,"['win', 'win', 'draw', 'lose']","['win', 'win', 'win', 'win']"
2321,CHELSEA,SOUTHAMPTON,2020,english,0.4852808546904511,0.2634552129680212,0.25126393234152766,"['lose', 'win', 'draw', 'win']","['lose', 'win', 'win', 'win']"
2322,MAN CITY,ARSENAL,2020,english,0.4908610060578156,0.24152179980540447,0.2676171941367799,"['win', 'lose', 'win', 'draw']","['win', 'win', 'lose', 'lose']"
2323,NEWCASTLE,MAN UTD,2020,english,0.45114879825676124,0.27547924056503503,0.2733719611782038,"['lose', 'win', 'lose', 'win']","['lose', 'lose', 'draw', 'lose']"
2324,SHEFFIELD UTD,FULHAM,2020,english,0.37111686887305756,0.2583438063738736,0.3705393247530688,"['lose', 'lose', 'draw', 'lose']","['lose', 'lose', 'lose', 'win']"
2325,CRYSTAL PALACE,BRIGHTON,2020,english,0.3421283382879797,0.24298700001732035,0.41488466169469995,"['win', 'lose', 'draw', 'win']","['lose', 'lose', 'draw', 'draw']"
2326,TOTTENHAM,WEST HAM,2020,english,0.5924936919219684,0.21242754678289627,0.19507876129513527,"['lose', 'draw', 'draw', 'win']","['lose', 'win', 'draw', 'win']"
2327,LEICESTER CITY,ASTON VILLA,2020,english,0.4306963149870273,0.292706963975503,0.2765967210374696,"['win', 'lose', 'lose', 'win']","['win', 'win', 'lose', 'lose']"
2328,WEST BROM,BURNLEY,2020,english,0.45960406311638413,0.2569056052543835,0.2834903316292323,"['lose', 'draw', 'draw', 'lose']","['lose', 'lose', 'lose', 'lose']"
2329,LEEDS UTD,WOLVES,2020,english,0.46964105514652993,0.24308437905184824,0.28727456580162186,"['win', 'draw', 'lose', 'lose']","['lose', 'win', 'draw', 'win']"
2330,ASTON VILLA,LEEDS UTD,2020,english,0.4499270400310452,0.3182297385594994,0.23184322140945537,"['win', 'win', 'lose', 'lose', 'lose']","['win', 'draw', 'lose', 'lose', 'draw']"
2331,WEST HAM,MAN CITY,2020,english,0.4164289323011564,0.28492988980756584,0.2986411778912778,"['lose', 'win', 'draw', 'win', 'win']","['win', 'lose', 'win', 'draw', 'win']"
2332,FULHAM,CRYSTAL PALACE,2020,english,0.3416252327130664,0.30331104897094674,0.3550637183159869,"['lose', 'lose', 'lose', 'win', 'lose']","['win', 'lose', 'draw', 'win', 'lose']"
2333,MAN UTD,CHELSEA,2020,english,0.5180904846765063,0.2435233921611641,0.2383861231623296,"['lose', 'lose', 'draw', 'lose', 'win']","['lose', 'win', 'draw', 'win', 'draw']"
2334,LIVERPOOL,SHEFFIELD UTD,2020,english,0.8600671913212881,0.07737017562290487,0.0625626330558071,"['win', 'win', 'win', 'win', 'win']","['lose', 'lose', 'draw', 'lose', 'lose']"
2335,SOUTHAMPTON,EVERTON,2020,english,0.43221121461162704,0.26653570475762306,0.30125308063074985,"['lose', 'win', 'win', 'win', 'lose']","['win', 'win', 'draw', 'lose', 'lose']"
2336,WOLVES,NEWCASTLE,2020,english,0.5549386047376926,0.2759951356547752,0.16906625960753222,"['lose', 'win', 'draw', 'win', 'draw']","['lose', 'win', 'lose', 'win', 'lose']"
2337,ARSENAL,LEICESTER CITY,2020,english,0.3807848049110215,0.30260401201725246,0.31661118307172603,"['win', 'win', 'lose', 'lose', 'lose']","['win', 'lose', 'lose', 'win', 'lose']"
2338,BRIGHTON,WEST BROM,2020,english,0.4005070301335992,0.2658611845274969,0.333631785338904,"['lose', 'lose', 'draw', 'draw', 'draw']","['lose', 'draw', 'draw', 'lose', 'win']"
2339,BURNLEY,TOTTENHAM,2020,english,0.17384695477698803,0.2392364799610021,0.58691656526201,"['lose', 'lose', 'lose', 'lose', 'win']","['lose', 'draw', 'draw', 'win', 'win']"
2340,WOLVES,CRYSTAL PALACE,2020,english,0.549417332968643,0.27904667653951465,0.17153599049184226,"['lose', 'win', 'draw', 'win', 'draw', 'lose']","['win', 'lose', 'draw', 'win', 'lose', 'draw']"
2341,SHEFFIELD UTD,MAN CITY,2020,english,0.1600125586641039,0.21517033744861963,0.6248171038872764,"['lose', 'lose', 'draw', 'lose', 'lose', 'lose']","['win', 'lose', 'win', 'draw', 'win', 'win']"
2342,BURNLEY,CHELSEA,2020,english,0.22324197616864436,0.26303583581563605,0.5137221880157196,"['lose', 'lose', 'lose', 'lose', 'win', 'draw']","['lose', 'win', 'draw', 'win', 'draw', 'win']"
2343,LIVERPOOL,WEST HAM,2020,english,0.8622113796920464,0.0665772013016474,0.07121141900630613,"['win', 'win', 'win', 'win', 'win', 'win']","['lose', 'win', 'draw', 'win', 'win', 'lose']"
2344,ASTON VILLA,SOUTHAMPTON,2020,english,0.28308667960566936,0.3033974285523453,0.4135158918419853,"['win', 'win', 'lose', 'lose', 'lose', 'win']","['lose', 'win', 'win', 'win', 'lose', 'win']"
2345,NEWCASTLE,EVERTON,2020,english,0.35248782290626957,0.29174349881125006,0.3557686782824803,"['lose', 'win', 'lose', 'win', 'lose', 'win']","['win', 'win', 'draw', 'lose', 'lose', 'win']"
2346,MAN UTD,ARSENAL,2020,english,0.4901728965022799,0.24430404682421805,0.26552305667350196,"['lose', 'lose', 'draw', 'lose', 'win', 'draw']","['win', 'win', 'lose', 'lose', 'lose', 'lose']"
2347,TOTTENHAM,BRIGHTON,2020,english,0.8259262157468299,0.11517165341109047,0.0589021308420797,"['lose', 'draw', 'draw', 'win', 'win', 'win']","['lose', 'lose', 'draw', 'draw', 'draw', 'lose']"
2348,FULHAM,WEST BROM,2020,english,0.3834475551552602,0.25937346290413643,0.3571789819406033,"['lose', 'lose', 'lose', 'win', 'lose', 'draw']","['lose', 'draw', 'draw', 'lose', 'win', 'lose']"
2349,LEEDS UTD,LEICESTER CITY,2020,english,0.4612713499080425,0.20786899108812537,0.3308596590038321,"['win', 'draw', 'lose', 'lose', 'draw', 'lose']","['win', 'lose', 'lose', 'win', 'lose', 'win']"
2350,BRIGHTON,BURNLEY,2020,english,0.536379079656848,0.24241077331082042,0.22121014703233158,"['lose', 'lose', 'draw', 'draw', 'draw', 'lose', 'draw']","['lose', 'lose', 'lose', 'lose', 'win', 'draw', 'win']"
2351,SOUTHAMPTON,NEWCASTLE,2020,english,0.5060338454179307,0.29774986069782006,0.19621629388424922,"['lose', 'win', 'win', 'win', 'lose', 'win', 'lose']","['lose', 'win', 'lose', 'win', 'lose', 'win', 'draw']"
2352,EVERTON,MAN UTD,2020,english,0.564830722629815,0.2930982868212651,0.14207099054891983,"['win', 'win', 'draw', 'lose', 'lose', 'win', 'win']","['lose', 'lose', 'draw', 'lose', 'win', 'draw', 'win']"
2353,CRYSTAL PALACE,LEEDS UTD,2020,english,0.24450145808525361,0.25015310912805444,0.505345432786692,"['win', 'lose', 'draw', 'win', 'lose', 'draw', 'lose']","['win', 'draw', 'lose', 'lose', 'draw', 'lose', 'win']"
2354,CHELSEA,SHEFFIELD UTD,2020,english,0.775589654084833,0.15899569636584762,0.06541464954931932,"['lose', 'win', 'draw', 'win', 'draw', 'win', 'win']","['lose', 'lose', 'draw', 'lose', 'lose', 'lose', 'lose']"
2355,WEST HAM,FULHAM,2020,english,0.523687839156959,0.30583138859543985,0.17048077224760114,"['lose', 'win', 'draw', 'win', 'win', 'lose', 'draw']","['lose', 'lose', 'lose', 'win', 'lose', 'draw', 'draw']"
2356,WEST BROM,TOTTENHAM,2020,english,0.3248836851652026,0.27545405562901687,0.39966225920578047,"['lose', 'draw', 'draw', 'lose', 'win', 'lose', 'lose']","['lose', 'draw', 'draw', 'win', 'win', 'win', 'lose']"
2357,LEICESTER CITY,WOLVES,2020,english,0.463333256359901,0.23725579741187983,0.2994109462282191,"['win', 'lose', 'lose', 'win', 'lose', 'win', 'lose']","['lose', 'win', 'draw', 'win', 'draw', 'lose', 'win']"
2358,MAN CITY,LIVERPOOL,2020,english,0.3783139456964057,0.4287053152939428,0.1929807390096515,"['win', 'lose', 'win', 'draw', 'win', 'win', 'draw']","['win', 'win', 'win', 'win', 'win', 'win', 'win']"
2359,ARSENAL,ASTON VILLA,2020,english,0.26399368121530065,0.2943860426029312,0.4416202761817681,"['win', 'win', 'lose', 'lose', 'lose', 'lose', 'draw']","['win', 'win', 'lose', 'lose', 'lose', 'win', 'draw']"
2360,NEWCASTLE,CHELSEA,2020,english,0.16170205079003364,0.19570593015429363,0.6425920190556729,"['lose', 'win', 'lose', 'win', 'lose', 'win', 'draw', 'draw']","['lose', 'win', 'draw', 'win', 'draw', 'win', 'win', 'draw']"
2361,ASTON VILLA,BRIGHTON,2020,english,0.4279450762515531,0.32387058100607724,0.2481843427423696,"['win', 'win', 'lose', 'lose', 'lose', 'win', 'draw', 'win']","['lose', 'lose', 'draw', 'draw', 'draw', 'lose', 'draw', 'lose']"
2362,TOTTENHAM,MAN CITY,2020,english,0.611261498386193,0.2695120433854593,0.11922645822834761,"['lose', 'draw', 'draw', 'win', 'win', 'win', 'lose', 'draw']","['win', 'lose', 'win', 'draw', 'win', 'win', 'draw', 'win']"
2363,MAN UTD,WEST BROM,2020,english,0.609355404454596,0.2420009375331592,0.14864365801224483,"['lose', 'lose', 'draw', 'lose', 'win', 'draw', 'win', 'win']","['lose', 'draw', 'draw', 'lose', 'win', 'lose', 'lose', 'lose']"
2364,FULHAM,EVERTON,2020,english,0.38545858475508016,0.2707648554480621,0.3437765597968578,"['lose', 'lose', 'lose', 'win', 'lose', 'draw', 'draw', 'draw']","['win', 'win', 'draw', 'lose', 'lose', 'win', 'win', 'lose']"
2365,SHEFFIELD UTD,WEST HAM,2020,english,0.24245199152966312,0.3397311850321445,0.4178168234381924,"['lose', 'lose', 'draw', 'lose', 'lose', 'lose', 'lose', 'lose']","['lose', 'win', 'draw', 'win', 'win', 'lose', 'draw', 'draw']"
2366,LEEDS UTD,ARSENAL,2020,english,0.4737059187168671,0.26794132341666904,0.25835275786646383,"['win', 'draw', 'lose', 'lose', 'draw', 'lose', 'win', 'win']","['win', 'win', 'lose', 'lose', 'lose', 'lose', 'draw', 'win']"
2367,LIVERPOOL,LEICESTER CITY,2020,english,0.647811667440412,0.2202039703591315,0.13198436220045645,"['win', 'win', 'win', 'win', 'win', 'win', 'win', 'draw']","['win', 'lose', 'lose', 'win', 'lose', 'win', 'lose', 'draw']"
2368,BURNLEY,CRYSTAL PALACE,2020,english,0.45078616811562033,0.278832774985906,0.27038105689847364,"['lose', 'lose', 'lose', 'lose', 'win', 'draw', 'win', 'win']","['win', 'lose', 'draw', 'win', 'lose', 'draw', 'lose', 'draw']"
2369,WOLVES,SOUTHAMPTON,2020,english,0.3134207081194024,0.31499891682560105,0.3715803750549966,"['lose', 'win', 'draw', 'win', 'draw', 'lose', 'win', 'draw']","['lose', 'win', 'win', 'win', 'lose', 'win', 'lose', 'draw']"
2370,CRYSTAL PALACE,NEWCASTLE,2020,english,0.40215314676662955,0.31008407120238357,0.2877627820309869,"['win', 'lose', 'draw', 'win', 'lose', 'draw', 'lose', 'draw', 'win']","['lose', 'win', 'lose', 'win', 'lose', 'win', 'draw', 'draw', 'lose']"
2371,BRIGHTON,LIVERPOOL,2020,english,0.2192660689088218,0.28055920139931445,0.5001747296918638,"['lose', 'lose', 'draw', 'draw', 'draw', 'lose', 'draw', 'lose', 'draw']","['win', 'win', 'win', 'win', 'win', 'win', 'win', 'draw', 'lose']"
2372,MAN CITY,BURNLEY,2020,english,0.7478727223830425,0.18021032602098777,0.0719169515959697,"['win', 'lose', 'win', 'draw', 'win', 'win', 'draw', 'win', 'win']","['lose', 'lose', 'lose', 'lose', 'win', 'draw', 'win', 'win', 'draw']"
2373,EVERTON,LEEDS UTD,2020,english,0.3121512709927857,0.31750325812141844,0.3703454708857958,"['win', 'win', 'draw', 'lose', 'lose', 'win', 'win', 'lose', 'lose']","['win', 'draw', 'lose', 'lose', 'draw', 'lose', 'win', 'win', 'win']"
2374,WEST BROM,SHEFFIELD UTD,2020,english,0.39577898501189723,0.26307254193254537,0.34114847305555734,"['lose', 'draw', 'draw', 'lose', 'win', 'lose', 'lose', 'lose', 'lose']","['lose', 'lose', 'draw', 'lose', 'lose', 'lose', 'lose', 'lose', 'win']"
2375,SOUTHAMPTON,MAN UTD,2020,english,0.3224546900912186,0.2592091699949284,0.41833613991385316,"['lose', 'win', 'win', 'win', 'lose', 'win', 'lose', 'draw', 'win']","['lose', 'lose', 'draw', 'lose', 'win', 'draw', 'win', 'win', 'win']"
2376,CHELSEA,TOTTENHAM,2020,english,0.4805837926790537,0.30757477099074637,0.21184143633019994,"['lose', 'win', 'draw', 'win', 'draw', 'win', 'win', 'draw', 'lose']","['lose', 'draw', 'draw', 'win', 'win', 'win', 'lose', 'draw', 'win']"
2377,ARSENAL,WOLVES,2020,english,0.3114457663630092,0.2750394228923273,0.4135148107446636,"['win', 'win', 'lose', 'lose', 'lose', 'lose', 'draw', 'win', 'draw']","['lose', 'win', 'draw', 'win', 'draw', 'lose', 'win', 'draw', 'lose']"
2378,LEICESTER CITY,FULHAM,2020,english,0.5218952624541816,0.29594424550072285,0.1821604920450955,"['win', 'lose', 'lose', 'win', 'lose', 'win', 'lose', 'draw', 'win']","['lose', 'lose', 'lose', 'win', 'lose', 'draw', 'draw', 'draw', 'lose']"
2379,WEST HAM,ASTON VILLA,2020,english,0.45311098179617865,0.30548920766600873,0.24139981053781276,"['lose', 'win', 'draw', 'win', 'win', 'lose', 'draw', 'draw', 'win']","['win', 'win', 'lose', 'lose', 'lose', 'win', 'draw', 'win', 'lose']"
2380,BURNLEY,EVERTON,2020,english,0.3910971471755024,0.28159116257120975,0.3273116902532877,"['lose', 'lose', 'lose', 'lose', 'win', 'draw', 'win', 'win', 'draw', 'win']","['win', 'win', 'draw', 'lose', 'lose', 'win', 'win', 'lose', 'lose', 'draw']"
2381,MAN CITY,FULHAM,2020,english,0.593475946364877,0.3063084254541835,0.10021562818093945,"['win', 'lose', 'win', 'draw', 'win', 'win', 'draw', 'win', 'win', 'win']","['lose', 'lose', 'lose', 'win', 'lose', 'draw', 'draw', 'draw', 'lose', 'lose']"
2382,WEST HAM,MAN UTD,2020,english,0.46538934698330214,0.33549937568837424,0.1991112773283237,"['lose', 'win', 'draw', 'win', 'win', 'lose', 'draw', 'draw', 'win', 'win']","['lose', 'lose', 'draw', 'lose', 'win', 'draw', 'win', 'win', 'win', 'lose']"
2383,CHELSEA,LEEDS UTD,2020,english,0.6247639505793331,0.2786280935149279,0.09660795590573887,"['lose', 'win', 'draw', 'win', 'draw', 'win', 'win', 'draw', 'lose', 'draw']","['win', 'draw', 'lose', 'lose', 'draw', 'lose', 'win', 'win', 'win', 'lose']"
2384,WEST BROM,CRYSTAL PALACE,2020,english,0.2955037418293477,0.26087814062703085,0.4436181175436214,"['lose', 'draw', 'draw', 'lose', 'win', 'lose', 'lose', 'lose', 'lose', 'lose']","['win', 'lose', 'draw', 'win', 'lose', 'draw', 'lose', 'draw', 'win', 'lose']"
2385,SHEFFIELD UTD,LEICESTER CITY,2020,english,0.2517408128128713,0.2540383788927498,0.49422080829437876,"['lose', 'lose', 'draw', 'lose', 'lose', 'lose', 'lose', 'lose', 'win', 'lose']","['win', 'lose', 'lose', 'win', 'lose', 'win', 'lose', 'draw', 'win', 'win']"
2386,TOTTENHAM,ARSENAL,2020,english,0.6805270820151114,0.18212010312046686,0.13735281486442166,"['lose', 'draw', 'draw', 'win', 'win', 'win', 'lose', 'draw', 'win', 'lose']","['win', 'win', 'lose', 'lose', 'lose', 'lose', 'draw', 'win', 'draw', 'win']"
2387,LIVERPOOL,WOLVES,2020,english,0.5913000445658737,0.2843511024947418,0.12434885293938447,"['win', 'win', 'win', 'win', 'win', 'win', 'win', 'draw', 'lose', 'draw']","['lose', 'win', 'draw', 'win', 'draw', 'lose', 'win', 'draw', 'lose', 'lose']"
2388,BRIGHTON,SOUTHAMPTON,2020,english,0.35511836418709014,0.27207584835172466,0.37280578746118515,"['lose', 'lose', 'draw', 'draw', 'draw', 'lose', 'draw', 'lose', 'draw', 'draw']","['lose', 'win', 'win', 'win', 'lose', 'win', 'lose', 'draw', 'win', 'lose']"
2389,ASTON VILLA,NEWCASTLE,2020,english,0.5565467853125554,0.26940986162329517,0.1740433530641494,"['win', 'win', 'lose', 'lose', 'lose', 'win', 'draw', 'win', 'lose', 'draw']","['lose', 'win', 'lose', 'win', 'lose', 'win', 'draw', 'draw', 'lose', 'lose']"
2390,LEEDS UTD,WEST HAM,2020,english,0.4525272379143785,0.25900122993538593,0.2884715321502355,"['win', 'draw', 'lose', 'lose', 'draw', 'lose', 'win', 'win', 'win', 'lose', 'lose']","['lose', 'win', 'draw', 'win', 'win', 'lose', 'draw', 'draw', 'win', 'win', 'lose']"
2391,WOLVES,ASTON VILLA,2020,english,0.25760542332960223,0.3219271392830471,0.4204674373873508,"['lose', 'win', 'draw', 'win', 'draw', 'lose', 'win', 'draw', 'lose', 'lose', 'win']","['win', 'win', 'lose', 'lose', 'lose', 'win', 'draw', 'win', 'lose', 'draw', 'lose']"
2392,NEWCASTLE,WEST BROM,2020,english,0.4539133328169006,0.30126968822245187,0.24481697896064752,"['lose', 'win', 'lose', 'win', 'lose', 'win', 'draw', 'draw', 'lose', 'lose', 'lose']","['lose', 'draw', 'draw', 'lose', 'win', 'lose', 'lose', 'lose', 'lose', 'lose', 'draw']"
2393,MAN UTD,MAN CITY,2020,english,0.5061938245135055,0.2709731297811385,0.22283304570535603,"['lose', 'lose', 'draw', 'lose', 'win', 'draw', 'win', 'win', 'win', 'lose', 'win']","['win', 'lose', 'win', 'draw', 'win', 'win', 'draw', 'win', 'win', 'win', 'win']"
2394,EVERTON,CHELSEA,2020,english,0.20926563422389188,0.2728541845888263,0.5178801811872819,"['win', 'win', 'draw', 'lose', 'lose', 'win', 'win', 'lose', 'lose', 'draw', 'lose']","['lose', 'win', 'draw', 'win', 'draw', 'win', 'win', 'draw', 'lose', 'draw', 'win']"
2395,SOUTHAMPTON,SHEFFIELD UTD,2020,english,0.5918594779231185,0.25164075730310614,0.1564997647737753,"['lose', 'win', 'win', 'win', 'lose', 'win', 'lose', 'draw', 'win', 'lose', 'lose']","['lose', 'lose', 'draw', 'lose', 'lose', 'lose', 'lose', 'lose', 'win', 'lose', 'win']"
2396,CRYSTAL PALACE,TOTTENHAM,2020,english,0.32752843142739474,0.2892416661467377,0.38322990242586746,"['win', 'lose', 'draw', 'win', 'lose', 'draw', 'lose', 'draw', 'win', 'lose', 'win']","['lose', 'draw', 'draw', 'win', 'win', 'win', 'lose', 'draw', 'win', 'lose', 'lose']"
2397,FULHAM,LIVERPOOL,2020,english,0.23456745331709963,0.2666135077607139,0.49881903892218643,"['lose', 'lose', 'lose', 'win', 'lose', 'draw', 'draw', 'draw', 'lose', 'lose', 'lose']","['win', 'win', 'win', 'win', 'win', 'win', 'win', 'draw', 'lose', 'draw', 'lose']"
2398,ARSENAL,BURNLEY,2020,english,0.47614713695034055,0.3976690745874008,0.1261837884622586,"['win', 'win', 'lose', 'lose', 'lose', 'lose', 'draw', 'win', 'draw', 'win', 'draw']","['lose', 'lose', 'lose', 'lose', 'win', 'draw', 'win', 'win', 'draw', 'win', 'lose']"
2399,LEICESTER CITY,BRIGHTON,2020,english,0.4902322542189164,0.37913851299383394,0.13062923278724956,"['win', 'lose', 'lose', 'win', 'lose', 'win', 'lose', 'draw', 'win', 'win', 'lose']","['lose', 'lose', 'draw', 'draw', 'draw', 'lose', 'draw', 'lose', 'draw', 'draw', 'win']"
2400,WOLVES,CHELSEA,2020,english,0.23675386634801907,0.28074083812000133,0.4825052955319796,"['lose', 'win', 'draw', 'win', 'draw', 'lose', 'win', 'draw', 'lose', 'lose', 'win', 'draw']","['lose', 'win', 'draw', 'win', 'draw', 'win', 'win', 'draw', 'lose', 'draw', 'win', 'win']"
2401,MAN CITY,WEST BROM,2020,english,0.8440757349173605,0.08069138521418615,0.0752328798684533,"['win', 'lose', 'win', 'draw', 'win', 'win', 'draw', 'win', 'win', 'win', 'win', 'win']","['lose', 'draw', 'draw', 'lose', 'win', 'lose', 'lose', 'lose', 'lose', 'lose', 'draw', 'draw']"
2402,ARSENAL,SOUTHAMPTON,2020,english,0.3597066730876346,0.3001692802900646,0.3401240466223008,"['win', 'win', 'lose', 'lose', 'lose', 'lose', 'draw', 'win', 'draw', 'win', 'draw', 'win']","['lose', 'win', 'win', 'win', 'lose', 'win', 'lose', 'draw', 'win', 'lose', 'lose', 'lose']"
2403,LEICESTER CITY,EVERTON,2020,english,0.5577212955600699,0.29331053138342855,0.14896817305650167,"['win', 'lose', 'lose', 'win', 'lose', 'win', 'lose', 'draw', 'win', 'win', 'lose', 'win']","['win', 'win', 'draw', 'lose', 'lose', 'win', 'win', 'lose', 'lose', 'draw', 'lose', 'lose']"
2404,LEEDS UTD,NEWCASTLE,2020,english,0.45945455033161603,0.28925072009290664,0.25129472957547744,"['win', 'draw', 'lose', 'lose', 'draw', 'lose', 'win', 'win', 'win', 'lose', 'lose', 'win']","['lose', 'win', 'lose', 'win', 'lose', 'win', 'draw', 'draw', 'lose', 'lose', 'lose', 'win']"
2405,LIVERPOOL,TOTTENHAM,2020,english,0.33735622973975116,0.4460294016873866,0.21661436857286231,"['win', 'win', 'win', 'win', 'win', 'win', 'win', 'draw', 'lose', 'draw', 'lose', 'lose']","['lose', 'draw', 'draw', 'win', 'win', 'win', 'lose', 'draw', 'win', 'lose', 'lose', 'win']"
2406,FULHAM,BRIGHTON,2020,english,0.2982518337672726,0.30557522158900163,0.3961729446437257,"['lose', 'lose', 'lose', 'win', 'lose', 'draw', 'draw', 'draw', 'lose', 'lose', 'lose', 'draw']","['lose', 'lose', 'draw', 'draw', 'draw', 'lose', 'draw', 'lose', 'draw', 'draw', 'win', 'draw']"
2407,WEST HAM,CRYSTAL PALACE,2020,english,0.5380284566119081,0.30257418267770353,0.15939736071038835,"['lose', 'win', 'draw', 'win', 'win', 'lose', 'draw', 'draw', 'win', 'win', 'lose', 'win']","['win', 'lose', 'draw', 'win', 'lose', 'draw', 'lose', 'draw', 'win', 'lose', 'win', 'lose']"
2408,ASTON VILLA,BURNLEY,2020,english,0.6652491644223378,0.24255047634985144,0.09220035922781071,"['win', 'win', 'lose', 'lose', 'lose', 'win', 'draw', 'win', 'lose', 'draw', 'lose', 'win']","['lose', 'lose', 'lose', 'lose', 'win', 'draw', 'win', 'win', 'draw', 'win', 'lose', 'draw']"
2409,SHEFFIELD UTD,MAN UTD,2020,english,0.23582930061499105,0.23497866880968513,0.5291920305753237,"['lose', 'lose', 'draw', 'lose', 'lose', 'lose', 'lose', 'lose', 'win', 'lose', 'win', 'lose']","['lose', 'lose', 'draw', 'lose', 'win', 'draw', 'win', 'win', 'win', 'lose', 'win', 'draw']"
2410,CRYSTAL PALACE,LIVERPOOL,2020,english,0.25557946604601256,0.2715410208724186,0.4728795130815687,"['win', 'lose', 'draw', 'win', 'lose', 'draw', 'lose', 'draw', 'win', 'lose', 'win', 'lose', 'draw']","['win', 'win', 'win', 'win', 'win', 'win', 'win', 'draw', 'lose', 'draw', 'lose', 'lose', 'lose']"
2411,SOUTHAMPTON,MAN CITY,2020,english,0.24479622512627391,0.24759316032746073,0.5076106145462654,"['lose', 'win', 'win', 'win', 'lose', 'win', 'lose', 'draw', 'win', 'lose', 'lose', 'lose', 'draw']","['win', 'lose', 'win', 'draw', 'win', 'win', 'draw', 'win', 'win', 'win', 'win', 'win', 'win']"
2412,EVERTON,ARSENAL,2020,english,0.4914845225875937,0.2597955202860994,0.24871995712630687,"['win', 'win', 'draw', 'lose', 'lose', 'win', 'win', 'lose', 'lose', 'draw', 'lose', 'lose', 'win']","['win', 'win', 'lose', 'lose', 'lose', 'lose', 'draw', 'win', 'draw', 'win', 'draw', 'win', 'lose']"
2413,NEWCASTLE,FULHAM,2020,english,0.3817185668215696,0.3838631605286449,0.23441827264978557,"['lose', 'win', 'lose', 'win', 'lose', 'win', 'draw', 'draw', 'lose', 'lose', 'lose', 'win', 'draw']","['lose', 'lose', 'lose', 'win', 'lose', 'draw', 'draw', 'draw', 'lose', 'lose', 'lose', 'draw', 'win']"
2414,BRIGHTON,SHEFFIELD UTD,2020,english,0.5961259117912976,0.25382622711228275,0.15004786109641977,"['lose', 'lose', 'draw', 'draw', 'draw', 'lose', 'draw', 'lose', 'draw', 'draw', 'win', 'draw', 'lose']","['lose', 'lose', 'draw', 'lose', 'lose', 'lose', 'lose', 'lose', 'win', 'lose', 'win', 'lose', 'lose']"
2415,TOTTENHAM,LEICESTER CITY,2020,english,0.4223787791465553,0.29968084042250615,0.27794038043093855,"['lose', 'draw', 'draw', 'win', 'win', 'win', 'lose', 'draw', 'win', 'lose', 'lose', 'win', 'win']","['win', 'lose', 'lose', 'win', 'lose', 'win', 'lose', 'draw', 'win', 'win', 'lose', 'win', 'lose']"
2416,MAN UTD,LEEDS UTD,2020,english,0.5355134440851452,0.274901137482976,0.1895854184318787,"['lose', 'lose', 'draw', 'lose', 'win', 'draw', 'win', 'win', 'win', 'lose', 'win', 'draw', 'win']","['win', 'draw', 'lose', 'lose', 'draw', 'lose', 'win', 'win', 'win', 'lose', 'lose', 'win', 'lose']"
2417,WEST BROM,ASTON VILLA,2020,english,0.17781552320708188,0.1960105010052352,0.626173975787683,"['lose', 'draw', 'draw', 'lose', 'win', 'lose', 'lose', 'lose', 'lose', 'lose', 'draw', 'draw', 'win']","['win', 'win', 'lose', 'lose', 'lose', 'win', 'draw', 'win', 'lose', 'draw', 'lose', 'win', 'lose']"
2418,BURNLEY,WOLVES,2020,english,0.3520787430253739,0.28211040341982113,0.3658108535548049,"['lose', 'lose', 'lose', 'lose', 'win', 'draw', 'win', 'win', 'draw', 'win', 'lose', 'draw', 'draw']","['lose', 'win', 'draw', 'win', 'draw', 'lose', 'win', 'draw', 'lose', 'lose', 'win', 'draw', 'win']"
2419,CHELSEA,WEST HAM,2020,english,0.4342604833171408,0.28908434898469687,0.27665516769816234,"['lose', 'win', 'draw', 'win', 'draw', 'win', 'win', 'draw', 'lose', 'draw', 'win', 'win', 'draw']","['lose', 'win', 'draw', 'win', 'win', 'lose', 'draw', 'draw', 'win', 'win', 'lose', 'win', 'win']"
2420,LEICESTER CITY,MAN UTD,2020,english,0.3350883299113232,0.31667388609109437,0.3482377839975824,"['win', 'lose', 'lose', 'win', 'lose', 'win', 'lose', 'draw', 'win', 'win', 'lose', 'win', 'lose', 'win']","['lose', 'lose', 'draw', 'lose', 'win', 'draw', 'win', 'win', 'win', 'lose', 'win', 'draw', 'win', 'win']"
2421,ASTON VILLA,CRYSTAL PALACE,2020,english,0.5764525409342505,0.21365777297926136,0.20988968608648825,"['win', 'win', 'lose', 'lose', 'lose', 'win', 'draw', 'win', 'lose', 'draw', 'lose', 'win', 'lose', 'draw']","['win', 'lose', 'draw', 'win', 'lose', 'draw', 'lose', 'draw', 'win', 'lose', 'win', 'lose', 'draw', 'win']"
2422,FULHAM,SOUTHAMPTON,2020,english,0.3085277795698494,0.2733736048138702,0.4180986156162803,"['lose', 'lose', 'lose', 'win', 'lose', 'draw', 'draw', 'draw', 'lose', 'lose', 'lose', 'draw', 'win', 'lose']","['lose', 'win', 'win', 'win', 'lose', 'win', 'lose', 'draw', 'win', 'lose', 'lose', 'lose', 'draw', 'lose']"
2423,ARSENAL,CHELSEA,2020,english,0.37213723687682165,0.2781471930011074,0.349715570122071,"['win', 'win', 'lose', 'lose', 'lose', 'lose', 'draw', 'win', 'draw', 'win', 'draw', 'win', 'lose', 'win']","['lose', 'win', 'draw', 'win', 'draw', 'win', 'win', 'draw', 'lose', 'draw', 'win', 'win', 'draw', 'win']"
2424,MAN CITY,NEWCASTLE,2020,english,0.6932382441185876,0.176394316996642,0.1303674388847705,"['win', 'lose', 'win', 'draw', 'win', 'win', 'draw', 'win', 'win', 'win', 'win', 'win', 'win', 'lose']","['lose', 'win', 'lose', 'win', 'lose', 'win', 'draw', 'draw', 'lose', 'lose', 'lose', 'win', 'draw', 'draw']"
2425,SHEFFIELD UTD,EVERTON,2020,english,0.266215053730428,0.2694069769123081,0.4643779693572639,"['lose', 'lose', 'draw', 'lose', 'lose', 'lose', 'lose', 'lose', 'win', 'lose', 'win', 'lose', 'lose', 'lose']","['win', 'win', 'draw', 'lose', 'lose', 'win', 'win', 'lose', 'lose', 'draw', 'lose', 'lose', 'win', 'lose']"
2426,LEEDS UTD,BURNLEY,2020,english,0.4778805729757633,0.28540146466053046,0.23671796236370624,"['win', 'draw', 'lose', 'lose', 'draw', 'lose', 'win', 'win', 'win', 'lose', 'lose', 'win', 'lose', 'draw']","['lose', 'lose', 'lose', 'lose', 'win', 'draw', 'win', 'win', 'draw', 'win', 'lose', 'draw', 'draw', 'draw']"
2427,WEST HAM,BRIGHTON,2020,english,0.513260587564413,0.3234895959624722,0.16324981647311482,"['lose', 'win', 'draw', 'win', 'win', 'lose', 'draw', 'draw', 'win', 'win', 'lose', 'win', 'win', 'win']","['lose', 'lose', 'draw', 'draw', 'draw', 'lose', 'draw', 'lose', 'draw', 'draw', 'win', 'draw', 'lose', 'lose']"
2428,LIVERPOOL,WEST BROM,2020,english,0.7979618688785459,0.0983602595230292,0.10367787159842487,"['win', 'win', 'win', 'win', 'win', 'win', 'win', 'draw', 'lose', 'draw', 'lose', 'lose', 'lose', 'lose']","['lose', 'draw', 'draw', 'lose', 'win', 'lose', 'lose', 'lose', 'lose', 'lose', 'draw', 'draw', 'win', 'draw']"
2429,WOLVES,TOTTENHAM,2020,english,0.35257824300160545,0.32807827825835556,0.3193434787400389,"['lose', 'win', 'draw', 'win', 'draw', 'lose', 'win', 'draw', 'lose', 'lose', 'win', 'draw', 'win', 'lose']","['lose', 'draw', 'draw', 'win', 'win', 'win', 'lose', 'draw', 'win', 'lose', 'lose', 'win', 'win', 'win']"
2430,CRYSTAL PALACE,LEICESTER CITY,2020,english,0.30758603379606886,0.2687184658595953,0.4236955003443359,"['win', 'lose', 'draw', 'win', 'lose', 'draw', 'lose', 'draw', 'win', 'lose', 'win', 'lose', 'draw', 'win', 'draw']","['win', 'lose', 'lose', 'win', 'lose', 'win', 'lose', 'draw', 'win', 'win', 'lose', 'win', 'lose', 'win', 'lose']"
2431,CHELSEA,ASTON VILLA,2020,english,0.36695977606509445,0.33177178510740185,0.3012684388275038,"['lose', 'win', 'draw', 'win', 'draw', 'win', 'win', 'draw', 'lose', 'draw', 'win', 'win', 'draw', 'win', 'lose']","['win', 'win', 'lose', 'lose', 'lose', 'win', 'draw', 'win', 'lose', 'draw', 'lose', 'win', 'lose', 'draw', 'win']"
2432,BRIGHTON,ARSENAL,2020,english,0.3669802668841245,0.30674278799354215,0.3262769451223334,"['lose', 'lose', 'draw', 'draw', 'draw', 'lose', 'draw', 'lose', 'draw', 'draw', 'win', 'draw', 'lose', 'lose', 'win']","['win', 'win', 'lose', 'lose', 'lose', 'lose', 'draw', 'win', 'draw', 'win', 'draw', 'win', 'lose', 'win', 'lose']"
2433,WEST BROM,LEEDS UTD,2020,english,0.20316648488993702,0.23300253582025798,0.563830979289805,"['lose', 'draw', 'draw', 'lose', 'win', 'lose', 'lose', 'lose', 'lose', 'lose', 'draw', 'draw', 'win', 'draw', 'lose']","['win', 'draw', 'lose', 'lose', 'draw', 'lose', 'win', 'win', 'win', 'lose', 'lose', 'win', 'lose', 'draw', 'win']"
2434,BURNLEY,SHEFFIELD UTD,2020,english,0.4574558997035931,0.3132015988307594,0.22934250146564755,"['lose', 'lose', 'lose', 'lose', 'win', 'draw', 'win', 'win', 'draw', 'win', 'lose', 'draw', 'draw', 'draw', 'draw']","['lose', 'lose', 'draw', 'lose', 'lose', 'lose', 'lose', 'lose', 'win', 'lose', 'win', 'lose', 'lose', 'lose', 'win']"
2435,SOUTHAMPTON,WEST HAM,2020,english,0.485949224794084,0.32265685540863503,0.19139391979728093,"['lose', 'win', 'win', 'win', 'lose', 'win', 'lose', 'draw', 'win', 'lose', 'lose', 'lose', 'draw', 'lose', 'win']","['lose', 'win', 'draw', 'win', 'win', 'lose', 'draw', 'draw', 'win', 'win', 'lose', 'win', 'win', 'win', 'draw']"
2436,MAN UTD,WOLVES,2020,english,0.5746873269596751,0.2623710824600283,0.16294159058029667,"['lose', 'lose', 'draw', 'lose', 'win', 'draw', 'win', 'win', 'win', 'lose', 'win', 'draw', 'win', 'win', 'win']","['lose', 'win', 'draw', 'win', 'draw', 'lose', 'win', 'draw', 'lose', 'lose', 'win', 'draw', 'win', 'lose', 'lose']"
2437,NEWCASTLE,LIVERPOOL,2020,english,0.19688499638817777,0.2691325139424646,0.5339824896693576,"['lose', 'win', 'lose', 'win', 'lose', 'win', 'draw', 'draw', 'lose', 'lose', 'lose', 'win', 'draw', 'draw', 'draw']","['win', 'win', 'win', 'win', 'win', 'win', 'win', 'draw', 'lose', 'draw', 'lose', 'lose', 'lose', 'lose', 'lose']"
2438,TOTTENHAM,FULHAM,2020,english,0.7040603946495432,0.2143794915591314,0.08156011379132545,"['lose', 'draw', 'draw', 'win', 'win', 'win', 'lose', 'draw', 'win', 'lose', 'lose', 'win', 'win', 'win', 'win']","['lose', 'lose', 'lose', 'win', 'lose', 'draw', 'draw', 'draw', 'lose', 'lose', 'lose', 'draw', 'win', 'lose', 'lose']"
2439,EVERTON,MAN CITY,2020,english,0.27198258744083115,0.2546952822966173,0.47332213026255143,"['win', 'win', 'draw', 'lose', 'lose', 'win', 'win', 'lose', 'lose', 'draw', 'lose', 'lose', 'win', 'lose', 'draw']","['win', 'lose', 'win', 'draw', 'win', 'win', 'draw', 'win', 'win', 'win', 'win', 'win', 'win', 'lose', 'win']"
2440,EVERTON,WEST HAM,2020,english,0.29545232125851295,0.3089612344489515,0.3955864442925356,"['win', 'win', 'draw', 'lose', 'lose', 'win', 'win', 'lose', 'lose', 'draw', 'lose', 'lose', 'win', 'lose', 'draw', 'draw']","['lose', 'win', 'draw', 'win', 'win', 'lose', 'draw', 'draw', 'win', 'win', 'lose', 'win', 'win', 'win', 'draw', 'win']"
2441,MAN UTD,ASTON VILLA,2020,english,0.4887190235187886,0.29963314858513623,0.21164782789607514,"['lose', 'lose', 'draw', 'lose', 'win', 'draw', 'win', 'win', 'win', 'lose', 'win', 'draw', 'win', 'win', 'win', 'win']","['win', 'win', 'lose', 'lose', 'lose', 'win', 'draw', 'win', 'lose', 'draw', 'lose', 'win', 'lose', 'draw', 'win', 'lose']"
2442,TOTTENHAM,LEEDS UTD,2020,english,0.5746008636422586,0.24967675027762015,0.17572238608012128,"['lose', 'draw', 'draw', 'win', 'win', 'win', 'lose', 'draw', 'win', 'lose', 'lose', 'win', 'win', 'win', 'win', 'lose']","['win', 'draw', 'lose', 'lose', 'draw', 'lose', 'win', 'win', 'win', 'lose', 'lose', 'win', 'lose', 'draw', 'win', 'draw']"
2443,CRYSTAL PALACE,SHEFFIELD UTD,2020,english,0.551463404545902,0.25875906508572116,0.18977753036837675,"['win', 'lose', 'draw', 'win', 'lose', 'draw', 'lose', 'draw', 'win', 'lose', 'win', 'lose', 'draw', 'win', 'draw', 'lose']","['lose', 'lose', 'draw', 'lose', 'lose', 'lose', 'lose', 'lose', 'win', 'lose', 'win', 'lose', 'lose', 'lose', 'win', 'lose']"
2444,BRIGHTON,WOLVES,2020,english,0.40619540645939467,0.26581743263730734,0.32798716090329794,"['lose', 'lose', 'draw', 'draw', 'draw', 'lose', 'draw', 'lose', 'draw', 'draw', 'win', 'draw', 'lose', 'lose', 'win', 'draw']","['lose', 'win', 'draw', 'win', 'draw', 'lose', 'win', 'draw', 'lose', 'lose', 'win', 'draw', 'win', 'lose', 'lose', 'win']"
2445,WEST BROM,ARSENAL,2020,english,0.3484065459132066,0.3041475119092374,0.34744594217755614,"['lose', 'draw', 'draw', 'lose', 'win', 'lose', 'lose', 'lose', 'lose', 'lose', 'draw', 'draw', 'win', 'draw', 'lose', 'win']","['win', 'win', 'lose', 'lose', 'lose', 'lose', 'draw', 'win', 'draw', 'win', 'draw', 'win', 'lose', 'win', 'lose', 'draw']"
2446,NEWCASTLE,LEICESTER CITY,2020,english,0.21406771115649295,0.26265114484540786,0.5232811439980992,"['lose', 'win', 'lose', 'win', 'lose', 'win', 'draw', 'draw', 'lose', 'lose', 'lose', 'win', 'draw', 'draw', 'draw', 'win']","['win', 'lose', 'lose', 'win', 'lose', 'win', 'lose', 'draw', 'win', 'win', 'lose', 'win', 'lose', 'win', 'lose', 'win']"
2447,CHELSEA,MAN CITY,2020,english,0.3802670197865858,0.27097321954140524,0.34875976067200903,"['lose', 'win', 'draw', 'win', 'draw', 'win', 'win', 'draw', 'lose', 'draw', 'win', 'win', 'draw', 'win', 'lose', 'draw']","['win', 'lose', 'win', 'draw', 'win', 'win', 'draw', 'win', 'win', 'win', 'win', 'win', 'win', 'lose', 'win', 'lose']"
2448,SOUTHAMPTON,LIVERPOOL,2020,english,0.32414988117122995,0.2582510102517262,0.41759910857704385,"['lose', 'win', 'win', 'win', 'lose', 'win', 'lose', 'draw', 'win', 'lose', 'lose', 'lose', 'draw', 'lose', 'win', 'win']","['win', 'win', 'win', 'win', 'win', 'win', 'win', 'draw', 'lose', 'draw', 'lose', 'lose', 'lose', 'lose', 'lose', 'win']"
2449,BURNLEY,FULHAM,2020,english,0.4298814069451149,0.27506818583064596,0.29505040722423914,"['lose', 'lose', 'lose', 'lose', 'win', 'draw', 'win', 'win', 'draw', 'win', 'lose', 'draw', 'draw', 'draw', 'draw', 'lose']","['lose', 'lose', 'lose', 'win', 'lose', 'draw', 'draw', 'draw', 'lose', 'lose', 'lose', 'draw', 'win', 'lose', 'lose', 'lose']"
2450,SHEFFIELD UTD,NEWCASTLE,2020,english,0.402561324306852,0.2717234817939953,0.32571519389915266,"['lose', 'lose', 'draw', 'lose', 'lose', 'lose', 'lose', 'lose', 'win', 'lose', 'win', 'lose', 'lose', 'lose', 'win', 'lose', 'win']","['lose', 'win', 'lose', 'win', 'lose', 'win', 'draw', 'draw', 'lose', 'lose', 'lose', 'win', 'draw', 'draw', 'draw', 'win', 'lose']"
2451,WOLVES,EVERTON,2020,english,0.40252754589597767,0.31397236835428133,0.28350008574974095,"['lose', 'win', 'draw', 'win', 'draw', 'lose', 'win', 'draw', 'lose', 'lose', 'win', 'draw', 'win', 'lose', 'lose', 'win', 'lose']","['win', 'win', 'draw', 'lose', 'lose', 'win', 'win', 'lose', 'lose', 'draw', 'lose', 'lose', 'win', 'lose', 'draw', 'draw', 'lose']"
2452,MAN CITY,BRIGHTON,2020,english,0.6957045446703655,0.18235690027695262,0.12193855505268195,"['win', 'lose', 'win', 'draw', 'win', 'win', 'draw', 'win', 'win', 'win', 'win', 'win', 'win', 'lose', 'win', 'lose', 'win']","['lose', 'lose', 'draw', 'draw', 'draw', 'lose', 'draw', 'lose', 'draw', 'draw', 'win', 'draw', 'lose', 'lose', 'win', 'draw', 'win']"
2453,ARSENAL,CRYSTAL PALACE,2020,english,0.44757792115829875,0.29924622382063043,0.2531758550210709,"['win', 'win', 'lose', 'lose', 'lose', 'lose', 'draw', 'win', 'draw', 'win', 'draw', 'win', 'lose', 'win', 'lose', 'draw', 'lose']","['win', 'lose', 'draw', 'win', 'lose', 'draw', 'lose', 'draw', 'win', 'lose', 'win', 'lose', 'draw', 'win', 'draw', 'lose', 'lose']"
2454,WEST HAM,WEST BROM,2020,english,0.6918331895830346,0.17393527389398428,0.1342315365229812,"['lose', 'win', 'draw', 'win', 'win', 'lose', 'draw', 'draw', 'win', 'win', 'lose', 'win', 'win', 'win', 'draw', 'win', 'lose']","['lose', 'draw', 'draw', 'lose', 'win', 'lose', 'lose', 'lose', 'lose', 'lose', 'draw', 'draw', 'win', 'draw', 'lose', 'win', 'draw']"
